2022 1 1 4561 10.5
2022 1 1 4578 22.5
2022 1 2 3567 15.2
2022 1 2 4589 18.7
2022 1 3 2456 12.3
2022 1 3 7890 9.8
2022 1 4 1234 20.1
2022 1 4 5678 14.6
2022 1 5 9876 17.3
2022 1 5 5432 11.9
2022 1 6 6543 23.8
2022 1 6 8765 8.4
2022 1 7 3456 19.6
2022 1 7 7890 13.2
2022 1 8 2345 16.7
2022 1 8 6789 10.2
2022 1 9 4321 21.5
2022 1 9 8765 7.9
2022 1 10 7890 18.3
2022 1 10 5432 12.8
2022 1 11 2345 15.4
2022 1 11 6789 9.9
2022 1 12 4321 22.1
2022 1 12 8765 6.5
2022 1 13 3456 17.8
2022 1 13 7890 11.3
2022 1 14 1234 20.6
2022 1 14 5678 14.1
2022 1 15 9876 16.9
2022 1 15 5432 10.4
2022 1 16 6543 23.2
2022 1 16 8765 7.7
2022 1 17 3456 18.9
2022 1 17 7890 12.4
2022 1 18 2345 15.8
2022 1 18 6789 9.3
2022 1 19 4321 20.5
2022 1 19 8765 6.9
2022 1 20 7890 19.2
2022 1 20 5432 13.7
2022 1 21 2345 16.3
2022 1 21 6789 10.8
2022 1 22 4321 21.6
2022 1 22 8765 7.1
2022 1 23 3456 18.4
2022 1 23 7890 11.9
2022 1 24 1234 20.2
2022 1 24 5678 14.7
2022 1 25 9876 17.4
2022 1 25 5432 11.9
2022 1 26 6543 24.1
2022 1 26 8765 8.6
2022 1 27 3456 19.7
2022 1 27 7890 13.2
2022 1 28 2345 16.8
2022 1 28 6789 11.3
2022 1 29 4321 22.5
2022 1 29 8765 7.9
2022 1 30 7890 18.3
2022 1 30 5432 12.8
2022 1 31 2345 15.4
2022 1 31 6789 10.9
2022 2 1 4321 21.2
2022 2 1 8765 6.7
2022 2 2 3456 18.0
2022 2 2 7890 12.5
2022 2 3 1234 19.8
2022 2 3 5678 14.3
2022 2 4 9876 17.0
2022 2 4 5432 11.5
2022 2 5 6543 23.2
2022 2 5 8765 7.7
2022 2 6 3456 19.4
2022 2 6 7890 13.9
2022 2 7 2345 16.6
2022 2 7 6789 11.1
2022 2 8 4321 22.3
2022 2 8 8765 7.8
2022 2 9 7890 18.1
2022 2 9 5432 12.6
2022 2 10 2345 15.2
2022 2 10 6789 10.7
2022 2 11 4321 21.4
2022 2 11 8765 6.9
2022 2 12 3456 18.6
2022 2 12 7890 13.1
2022 2 13 1234 20.4
2022 2 13 5678 14.9
2022 2 14 9876 17.6
2022 2 14 5432 12.1
2022 2 15 6543 23.8
2022 2 15 8765 8.3
2022 2 16 3456 19.5
2022 2 16 7890 14.0
2022 2 17 2345 16.7
2022 2 17 6789 11.2
2022 2 18 4321 22.6
2022 2 18 8765 8.1
2022 2 19 7890 18.4
2022 2 19 5432 12.9
2022 2 20 2345 15.5
2022 2 20 6789 11.0
2022 2 21 4321 21.2
2022 2 21 8765 6.7
2022 2 22 3456 18.0
2022 2 22 7890 12.5
2022 2 23 1234 19.8
2022 2 23 5678 14.3
2023 1 1 4561 10.5
2023 1 1 4578 22.5
2023 1 2 3567 15.2
2023 1 2 4589 18.7
2023 1 3 2456 12.3
2023 1 3 7890 9.8
2023 1 4 1234 20.1
2023 1 4 5678 14.6
2023 1 5 9876 17.3
2023 1 5 5432 11.9
2023 1 6 6543 23.8