101 1 1 320
101 1 2 250
101 2 1 180
101 2 2 200
101 3 1 150
102 1 1 400
102 1 2 350
102 2 1 220
102 2 2 180
102 3 1 300
103 1 1 280
103 1 2 320
103 2 1 210
103 2 2 240
103 3 1 260
104 1 1 350
104 1 2 300
104 2 1 190
104 2 2 220
104 3 1 280
105 1 1 420
105 1 2 380
105 2 1 250
105 2 2 280
105 3 1 320
106 1 1 380
106 1 2 340
106 2 1 200
106 2 2 230
106 3 1 350
107 1 1 450
107 1 2 400
107 2 1 270
107 2 2 300
107 3 1 380
108 1 1 500
108 1 2 450
108 2 1 300
108 2 2 330
108 3 1 420
109 1 1 480
109 1 2 430
109 2 1 280
109 2 2 310
109 3 1 400
110 1 1 550
110 1 2 500
110 2 1 350
110 2 2 380
110 3 1 460
111 1 1 600
111 1 2 550
111 2 1 400
111 2 2 430
111 3 1 510
112 1 1 680
112 1 2 630
112 2 1 450
112 2 2 480
112 3 1 580
113 1 1 720
113 1 2 670
113 2 1 500
113 2 2 530
113 3 1 630
114 1 1 780
114 1 2 730
114 2 1 550
114 2 2 580
114 3 1 680
115 1 1 850
115 1 2 800
115 2 1 600
115 2 2 630
115 3 1 750
116 1 1 920
116 1 2 870
116 2 1 650
116 2 2 680
116 3 1 800
117 1 1 980
117 1 2 930
117 2 1 700
117 2 2 730
117 3 1 850
118 1 1 1050
118 1 2 1000
118 2 1 750
118 2 2 780
118 3 1 900
119 1 1 1120
119 1 2 1070
119 2 1 800
119 2 2 830
119 3 1 970
120 1 1 1200
120 1 2 1150
120 2 1 850
120 2 2 880
120 3 1 1050
